600 141 1 1 1 0.5 0.5 0.085 
30 24 1.23 118 11.8
3 0.8333333333333334 0.8333333333333334 0.8333333333333334
0 0.0 0.0
1 0.58192 -2.1182 7
2 0.84026 5.27885 6
3 -4.08617 0.59119 6
4 -5.13984 -0.49897 5
5 3.10891 -5.05883 6
6 2.32411 3.87592 6
7 4.35883 0.40426 8
8 0.55267 -4.98324 8
9 -2.06531 2.65411 7
10 -1.14498 4.2202 8
11 0.69875 -4.96848 6
12 -2.20034 -4.95325 6
13 3.35862 1.95613 7
14 -2.01961 -0.6297 7
15 1.02468 -3.30529 6
16 4.84042 -3.08531 8
17 3.07437 0.00357 7
18 3.74684 -1.01966 7
19 5.59035 1.55762 7
20 -0.72723 -1.60046 7
21 -3.87371 -2.74097 6
22 5.59383 -1.73951 7
23 -2.13979 -2.33324 7
24 4.12357 1.93848 7
25 -2.75207 -5.03579 7
26 -0.08028 2.59577 5
27 2.1975 -3.88409 7
28 5.14904 1.03134 9
29 -2.23804 4.45201 9
30 -1.89386 -3.80131 8
31 1.69151 2.51047 6
32 -2.63097 -3.44838 6
33 -1.25319 -3.63971 6
34 -0.43602 -4.26288 8
35 2.70742 -2.69604 6
36 -4.7232 2.86726 6
37 -0.48115 4.27935 6
38 -0.23205 3.5768 8
39 -3.57318 2.96791 7
40 3.20296 1.14354 8
41 -1.07827 -4.04608 6
42 3.47227 1.45133 5
43 4.62198 1.75343 8
44 -1.10282 5.87728 6
45 1.45788 -3.95208 8
46 -0.11911 5.14908 7
47 -2.19223 3.37381 6
48 2.63118 -5.09104 6
49 -2.1147 -1.9668 8
50 -0.48868 5.19846 5
51 -3.856 1.27921 9
52 2.51171 -3.21467 5
53 4.86414 0.02113 6
54 -1.3346 -3.91715 7
55 -3.69041 -1.62275 6
56 0.62801 1.37977 10
57 0.71835 -2.20178 7
58 4.54243 2.35762 6
59 -3.77091 2.39309 6
60 -4.54768 -2.25033 7
61 0.10353 5.87251 8
62 3.77773 -3.32071 6
63 -0.65855 -1.89984 7
64 1.87291 3.02754 7
65 2.70989 3.86091 7
66 2.95284 1.2108 8
67 -5.31518 -2.56254 7
68 2.24407 5.39532 7
69 -5.35586 -1.48267 8
70 -2.19687 4.93568 8
71 4.01628 -3.81043 7
72 1.92342 1.72495 10
73 -1.75846 3.09477 6
74 -3.67095 2.09767 8
75 -3.88383 3.4933 8
76 -3.76863 2.10808 7
77 -2.53859 0.65201 7
78 0.15309 -3.71765 6
79 -1.24174 3.4143 8
80 -1.94951 2.93062 7
81 -2.15958 1.78098 7
82 2.34461 3.27959 7
83 -1.63619 -0.87359 6
84 -4.31644 3.1259 8
85 4.66524 -2.71361 7
86 1.93427 -4.01737 7
87 0.52399 4.18589 6
88 0.25778 5.33369 7
89 1.14264 -5.55791 6
90 -4.65284 -1.83837 8
91 5.39869 0.34683 5
92 -3.99145 -4.24421 6
93 -1.50318 1.1673 6
94 1.23761 -5.50202 7
95 -0.06742 -3.40286 8
96 3.77918 -2.0062 5
97 -1.69116 -5.12647 7
98 4.39373 -2.67434 5
99 -0.58031 2.62287 7
100 -2.61748 4.199 6
101 1.99532 0.77844 6
102 2.53519 -2.80605 7
103 3.08446 4.491 7
104 -3.87421 -1.29442 6
105 -4.73498 -0.27387 7
106 2.02511 -4.76701 6
107 -4.1735 3.54236 9
108 3.29932 4.12697 6
109 -1.17124 1.05796 9
110 3.8705 1.20538 6
111 -1.34379 4.00938 9
112 -1.38998 -1.48023 6
113 4.24143 1.59184 5
114 4.76099 -0.30866 6
115 -5.35491 -1.23904 8
116 -1.80532 5.54769 6
117 1.28842 -2.21697 6
118 2.05704 2.40741 7
119 -2.16245 4.45201 5
120 2.39296 -0.99737 7
121 0.19801 3.12625 7
122 -0.49922 -4.62627 6
123 2.46615 1.37461 8
124 -5.24156 -1.0846 7
125 -3.0474 -4.67828 6
126 0.46075 1.78163 7
127 -2.10772 3.97294 8
128 -5.12921 -1.68474 6
129 -5.00688 -3.1768 6
130 1.9204 2.79612 9
131 -2.38905 1.49987 7
132 5.64257 -0.00947 7
133 -2.52266 5.15472 7
134 0.65791 -2.91271 8
135 1.23977 3.95153 7
136 -4.99782 1.24333 8
137 -5.51189 -0.632 7
138 -2.3188 -1.59764 6
139 -1.00301 -4.8669 7
140 1.5455 -5.20825 8
141 -1.40491 -4.33925 7
142 0.98286 -2.61595 7
143 1.40048 -1.21973 5
144 -1.57776 3.04343 8
145 2.53643 -4.80439 7
146 -1.92404 -0.24279 7
147 -0.09412 1.58696 7
148 1.76691 3.36639 7
149 0.19011 -2.08833 7
150 -1.76529 -2.04423 6
151 1.57229 0.74871 7
152 -3.80992 -2.3332 5
153 4.87825 1.40221 6
154 -3.1657 2.57709 7
155 -2.34991 -1.1268 8
156 -0.60371 -4.67601 7
157 2.57659 3.94149 7
158 5.60087 1.62097 8
159 -5.30979 -2.74864 8
160 1.35103 -2.92896 8
161 0.46615 -1.54589 7
162 -3.49874 4.2477 7
163 -5.12625 -2.69161 6
164 -0.82277 -4.12928 6
165 3.71768 -3.80329 5
166 -5.60332 0.29505 6
167 3.3888 -3.36757 7
168 -2.32436 5.12821 7
169 0.33567 1.71582 5
170 -0.92477 3.24979 8
171 -0.43192 -3.37929 7
172 1.88742 -1.66102 7
173 -5.6495 1.03427 6
174 -0.6034 -1.70682 8
175 3.21246 3.82479 6
176 -2.15582 -0.10071 6
177 -3.48431 1.51193 7
178 -3.67707 1.68524 7
179 1.09814 2.67703 7
180 -3.19274 -3.10493 8
181 -2.11929 -3.97676 5
182 -2.35729 -2.71908 7
183 -0.23697 -5.20294 7
184 -2.67232 0.71803 8
185 1.77726 -2.364 7
186 -3.39909 -1.63123 8
187 2.85517 -2.62072 8
188 1.42956 -3.00243 8
189 -1.77727 -5.48614 6
190 1.8027 5.19119 7
191 2.09793 1.20656 8
192 3.4868 -1.60074 8
193 -2.18798 2.30552 8
194 4.00904 1.18384 7
195 -2.50269 -2.30483 5
196 4.00069 -1.78339 8
197 0.68849 -5.73706 6
198 3.88106 -0.31165 7
199 4.51543 -1.95006 5
200 -4.54448 1.30379 7
201 0.53049 5.22944 7
202 1.90875 0.82939 6
203 -0.72513 5.18285 7
204 -3.94451 -4.31597 6
205 4.02989 -2.5259 8
206 3.45752 0.0371 8
207 2.05476 -4.55197 7
208 0.46529 -5.1054 7
209 -1.7902 -4.60439 9
210 1.86391 1.93255 6
211 5.59632 1.94578 8
212 -0.48824 -5.85285 6
213 -2.5677 -3.16038 7
214 -3.22936 3.44333 6
215 -1.06962 1.56313 5
216 5.84286 1.21549 8
217 5.46185 -0.22545 6
218 2.52295 -4.16733 9
219 5.21616 -0.85337 7
220 1.21553 -2.66805 7
221 -3.43622 0.90872 7
222 1.82984 -2.68654 9
223 1.50779 4.48255 6
224 -1.08283 -2.04433 9
225 3.43756 -4.06859 7
226 -3.29705 2.6422 6
227 2.87597 -2.99853 8
228 -2.14253 1.0925 6
229 3.95452 -3.11886 7
230 -4.42674 -3.19753 8
231 -1.31567 4.66544 6
232 -0.2099 3.2209 8
233 5.36144 0.11368 7
234 -2.40705 -1.17167 7
235 2.90138 -4.66397 6
236 0.73938 4.61542 8
237 -3.43702 0.45081 8
238 4.40139 -0.44688 6
239 -3.79799 3.00815 9
240 3.0685 -1.24968 9
241 2.57022 -4.9221 7
242 -4.05567 0.13734 9
243 -3.75253 -4.27609 8
244 5.056 2.20996 6
245 -2.35446 -0.24396 8
246 0.30596 -4.89566 9
247 0.43901 3.54069 8
248 4.99001 1.67305 6
249 4.45758 0.83296 7
250 2.24686 3.55606 7
251 0.43754 5.6813 7
252 0.6976 -1.92241 7
253 -4.43847 1.16596 6
254 -3.55855 -0.80855 5
255 -0.71629 1.71097 7
256 -1.58895 5.01562 7
257 -4.34768 -1.51869 7
258 -0.15065 -5.69251 9
259 1.99841 4.29508 6
260 -3.38437 1.47341 7
261 -3.67882 -4.68694 8
262 2.40342 -0.61558 8
263 -0.244 1.99142 6
264 -4.06085 3.23813 7
265 -3.4842 -1.62092 6
266 2.38791 2.95759 9
267 -4.31131 -3.63945 6
268 3.59953 -0.5827 7
269 -0.8327 5.61783 7
270 -4.861 0.59605 7
271 2.70085 2.46188 6
272 -2.05052 -0.23369 7
273 -2.44759 -4.66633 6
274 -5.70222 -1.55519 7
275 0.90723 3.88648 7
276 -1.03048 2.56695 7
277 -2.45869 -2.50256 7
278 3.55714 -4.46738 7
279 2.86082 -3.57313 9
280 -5.32852 0.3312 7
281 0.95024 -2.42873 7
282 4.64767 3.61886 7
283 4.27931 -1.3535 7
284 -1.87836 0.42278 7
285 -2.84797 5.05557 6
286 0.67554 -3.72609 7
287 -0.21101 5.18565 6
288 2.70392 3.55161 7
289 -0.11825 2.31531 8
290 -1.12937 -2.13401 8
291 2.17712 1.59577 8
292 -2.64441 0.83524 6
293 0.18191 1.99935 5
294 -1.87863 -0.55448 6
295 3.77945 4.46936 7
296 0.34637 -2.28279 6
297 3.91141 -2.02675 6
298 -1.05565 2.26702 10
299 -1.88103 2.44148 7
300 -4.31831 -3.05874 6
301 -1.59957 -2.7051 7
302 3.97271 1.52327 7
303 -0.71116 -1.39093 7
304 2.35598 -5.51567 6
305 0.51884 -1.89556 7
306 -3.63515 1.47634 6
307 1.99604 -4.05697 8
308 -5.44036 -1.65785 8
309 2.12172 5.05256 5
310 -1.06357 4.65678 7
311 -3.30881 -2.18051 8
312 -5.21781 -1.78553 7
313 1.80922 -5.32047 6
314 -1.23143 -5.49185 6
315 1.18344 5.00696 7
316 -1.88298 1.41588 5
317 0.61612 -3.45651 8
318 -4.16988 1.12336 7
319 0.68634 4.33872 7
320 5.08514 -2.12152 8
321 -3.04307 1.00833 6
322 -1.7918 4.63351 7
323 -3.84772 -0.27263 7
324 -1.67669 5.06076 6
325 -0.38013 2.95176 8
326 -2.25955 -3.63739 7
327 0.67209 -2.30074 6
328 -2.57717 1.66218 7
329 3.08668 4.92794 7
330 -3.55248 0.54447 8
331 -4.63756 3.29864 7
332 -4.10659 1.75533 9
333 0.12006 1.88493 8
334 0.66157 -5.3456 8
335 0.59161 1.91142 7
336 5.33064 1.32046 8
337 -0.49208 -1.51816 7
338 -0.2355 -4.99458 8
339 0.19763 2.79353 8
340 1.72094 3.29551 7
341 -5.13061 -2.84292 6
342 3.7806 -2.08985 7
343 -0.12371 4.94195 7
344 -5.0561 -1.29833 7
345 -0.22025 2.43137 6
346 -0.28997 -5.52044 6
347 -5.6303 1.18088 7
348 -1.98342 1.88719 8
349 -2.52941 -3.7799 6
350 -3.371 -0.67427 8
351 1.57713 4.97589 9
352 0.8333 -5.31877 6
353 4.2572 -1.19362 8
354 1.70082 -5.11026 7
355 -5.18566 -0.39529 6
356 -1.29568 -2.05485 6
357 3.44865 4.2975 7
358 -2.74066 1.6631 5
359 4.28873 -3.33461 7
360 1.65359 4.03655 7
361 2.75304 -0.31407 7
362 3.00544 -4.2416 8
363 -2.12229 -5.00129 9
364 -3.56309 3.62523 7
365 4.9401 3.2263 7
366 -0.91458 3.1715 7
367 -0.18064 -3.18973 7
368 -2.36754 1.27033 8
369 1.47536 -4.27531 6
370 0.84584 3.87504 6
371 1.68943 -3.38129 5
372 2.69046 -3.24757 6
373 -0.5898 -3.34185 6
374 0.44085 1.48305 8
375 0.72257 4.20113 7
376 3.12647 1.33652 7
377 3.95993 1.32255 9
378 -0.39778 -5.78285 7
379 -2.8754 0.15341 8
380 0.35228 -4.8622 6
381 -1.00085 4.79555 6
382 -1.93095 2.83109 7
383 3.36072 -2.61688 8
384 5.91312 -0.09722 6
385 2.98196 2.21719 7
386 0.93713 -5.04118 6
387 -5.19166 -1.91155 6
388 3.79625 0.10853 7
389 -4.44066 -3.99251 8
390 -0.90377 4.74935 9
391 -2.58526 3.53195 7
392 5.04058 -0.98523 5
393 -0.18712 -4.06439 6
394 4.82954 1.72237 7
395 -1.42657 -3.0805 8
396 5.77236 0.47239 6
397 3.42207 -2.97164 8
398 -2.64867 -1.84126 8
399 -2.80736 -3.02062 6
400 5.66692 0.58777 8
401 4.69504 2.72851 7
402 -4.25477 -0.70552 8
403 -2.76708 2.54228 7
404 1.60863 -3.51577 7
405 -1.25976 5.81191 8
406 -1.98477 1.4484 8
407 4.14007 3.88772 7
408 -5.58428 -0.10074 7
409 3.00986 -0.874 9
410 -0.37365 3.72844 6
411 1.17583 -4.48219 7
412 2.78738 4.64341 6
413 4.41679 -3.84961 7
414 -5.9581 -0.47393 7
415 2.41064 2.43524 6
416 0.60316 -2.89456 7
417 3.29073 -2.80745 7
418 2.81183 3.62787 7
419 3.6563 3.32344 8
420 -0.02116 2.42503 7
421 -4.88394 -0.46007 7
422 5.49325 -1.78066 8
423 3.68604 -4.42166 7
424 -2.63894 5.20945 7
425 5.61985 1.34025 6
426 -4.85562 -3.33154 9
427 -1.75944 -0.89317 6
428 0.30606 5.75082 7
429 -2.68688 -2.04551 7
430 3.59144 -0.4172 8
431 2.59344 3.31698 7
432 -2.32571 5.39275 6
433 2.74848 -3.88814 8
434 2.03227 3.16595 9
435 2.66209 2.79125 7
436 2.69473 5.0527 10
437 0.6762 -5.43571 7
438 1.82777 1.88445 8
439 2.74208 1.76748 4
440 -2.68692 -2.75383 7
441 0.32644 -3.07546 8
442 0.18385 -4.608 6
443 -2.85768 1.27728 8
444 4.02895 -2.32836 7
445 3.39338 4.72502 7
446 -5.18714 1.99659 5
447 -1.61221 1.73231 7
448 -2.91154 -0.86946 7
449 1.40381 3.76956 7
450 2.95421 3.91528 6
451 3.88973 -0.40821 5
452 -1.05435 3.10327 6
453 -3.72588 0.00698 7
454 2.61376 -1.51779 6
455 -1.81835 5.29449 6
456 -3.39592 3.77492 7
457 -3.70325 -1.55183 6
458 -1.00525 2.3694 7
459 0.89309 -5.73872 7
460 -3.00528 -3.31356 8
461 -2.71817 0.28662 7
462 3.79874 2.0729 6
463 -1.35972 5.80193 9
464 -1.86433 -5.02493 6
465 0.33142 -5.48407 7
466 -2.53774 -0.08608 7
467 0.80183 4.31582 7
468 2.03946 -3.23628 8
469 0.60196 2.21094 8
470 0.17151 -3.94477 7
471 1.24557 1.78952 7
472 2.92245 -1.26786 6
473 0.79076 -5.3463 8
474 -5.04066 -0.03927 9
475 -4.65339 2.04253 6
476 -1.99068 -0.98261 7
477 -1.47846 -2.36613 7
478 -1.61294 -0.61391 8
479 -0.78599 -2.21886 8
480 2.02818 1.24604 8
481 -5.10743 2.92729 7
482 0.12457 -5.69257 7
483 -2.79981 1.1422 5
484 3.23309 -0.60277 7
485 -5.75519 -1.24795 8
486 -1.7322 4.29964 7
487 2.98469 -2.40402 6
488 -3.74557 1.99163 7
489 -3.24047 -0.96768 7
490 -2.95482 -3.63522 5
491 3.19448 -4.06487 8
492 1.11743 4.28926 8
493 3.84032 -3.89865 6
494 -2.2042 -1.10106 6
495 -3.17771 3.53913 6
496 -3.04724 5.13453 7
497 2.68075 -0.30823 9
498 4.11553 -1.42121 7
499 -4.65176 -1.3706 8
500 -2.10222 3.03682 6
501 5.82036 -0.96395 6
502 4.29382 0.44242 7
503 4.08911 1.29817 6
504 -5.69945 0.48075 6
505 -1.4262 -0.86772 7
506 5.6144 0.23111 7
507 0.98367 2.37458 7
508 3.32381 1.99981 6
509 0.00538 4.32844 6
510 1.75278 3.90661 8
511 1.34392 1.33188 7
512 2.47255 2.61512 6
513 -2.6119 2.73309 7
514 4.05588 4.25099 6
515 0.84487 -5.69951 6
516 -3.83978 2.68846 7
517 4.31348 3.89166 6
518 -3.25514 -4.56118 6
519 0.91818 -3.75334 6
520 -1.58269 1.92164 6
521 4.7652 0.18377 7
522 -2.12851 -2.93616 6
523 0.04025 -1.60536 7
524 4.56519 -3.81102 7
525 -1.35681 -5.75518 6
526 -3.70297 -2.57978 6
527 -2.65426 4.00858 6
528 0.19298 4.97866 8
529 5.31534 2.29518 7
530 1.79103 -3.84976 7
531 -4.35002 -1.73191 8
532 -0.74197 3.05699 8
533 2.28876 2.27871 7
534 -1.06408 4.32886 8
535 0.15448 -3.15623 7
536 0.38576 1.76698 6
537 3.62843 1.23218 7
538 -3.82803 3.5926 7
539 -1.74871 2.92286 8
540 -1.82944 -5.29334 6
541 -4.78288 -1.75599 7
542 -4.85717 0.84109 5
543 5.62541 -0.85209 7
544 1.21393 -1.80762 7
545 1.99441 2.07501 6
546 0.05789 5.73886 8
547 -5.01242 2.78175 8
548 1.99208 0.9608 6
549 0.27241 -5.32035 8
550 0.18967 -1.65374 8
551 -0.68762 2.51821 7
552 2.02127 -1.36707 7
553 -3.3009 -1.12978 7
554 0.64667 3.8647 7
555 -4.15 -3.97108 7
556 -1.92651 -3.64239 7
557 -0.51345 -2.4832 6
558 3.32789 -0.60576 7
559 1.34459 -0.81073 7
560 -1.52899 0.92674 7
561 -3.7283 1.70245 6
562 4.37209 0.64896 8
563 -2.83953 1.61966 6
564 1.71562 3.48253 7
565 1.74455 1.64172 7
566 1.98929 -4.53078 5
567 3.90014 0.53791 8
568 1.91167 2.01172 7
569 -2.236 -3.74665 6
570 -2.77929 -1.24828 8
571 -3.13957 1.50083 8
572 0.89829 -2.37357 8
573 0.39861 5.33299 7
574 0.91991 3.29099 7
575 -5.85232 -0.50438 8
576 3.12844 2.47915 7
577 -1.02205 -2.53835 7
578 4.68438 -2.02669 7
579 1.95626 -4.81463 7
580 4.1526 -3.84063 9
581 2.31927 1.14436 7
582 -4.77576 2.46998 7
583 3.45627 -4.20349 7
584 1.92205 -2.97207 7
585 -3.48648 -2.33092 6
586 -2.71972 -3.97065 9
587 -0.326 3.22952 8
588 -0.53769 5.60082 7
589 4.64395 2.06919 7
590 4.55571 -3.22623 8
591 -1.01268 4.05082 7
592 4.44099 -0.20939 6
593 2.96478 0.12726 7
594 1.08886 -3.41507 7
595 -5.11576 -0.83668 8
596 5.67969 1.53544 8
597 -1.4097 -2.32297 8
598 -0.58558 -1.90166 7
599 -0.66233 -2.02184 7
600 -1.3718 -3.88141 6
601 -5.9581 -2.85285
602 -5.9581 -1.85285
603 -5.9581 -0.85285
604 -5.9581 0.14715
605 -5.9581 1.14715
606 -5.9581 2.14715
607 -5.9581 3.14715
608 -4.9581 -3.85285
609 -4.9581 -2.85285
610 -4.9581 -1.85285
611 -4.9581 -0.85285
612 -4.9581 0.14715
613 -4.9581 1.14715
614 -4.9581 2.14715
615 -4.9581 3.14715
616 -4.9581 4.14715
617 -3.9581 -4.85285
618 -3.9581 -3.85285
619 -3.9581 -2.85285
620 -3.9581 -1.85285
621 -3.9581 -0.85285
622 -3.9581 0.14715
623 -3.9581 1.14715
624 -3.9581 2.14715
625 -3.9581 3.14715
626 -3.9581 4.14715
627 -3.9581 5.14715
628 -2.9581 -5.85285
629 -2.9581 -4.85285
630 -2.9581 -3.85285
631 -2.9581 -2.85285
632 -2.9581 -1.85285
633 -2.9581 -0.85285
634 -2.9581 0.14715
635 -2.9581 1.14715
636 -2.9581 2.14715
637 -2.9581 3.14715
638 -2.9581 4.14715
639 -2.9581 5.14715
640 -2.9581 6.14715
641 -1.9581 -5.85285
642 -1.9581 -4.85285
643 -1.9581 -3.85285
644 -1.9581 -2.85285
645 -1.9581 -1.85285
646 -1.9581 -0.85285
647 -1.9581 0.14715
648 -1.9581 1.14715
649 -1.9581 2.14715
650 -1.9581 3.14715
651 -1.9581 4.14715
652 -1.9581 5.14715
653 -1.9581 6.14715
654 -0.9581 -5.85285
655 -0.9581 -4.85285
656 -0.9581 -3.85285
657 -0.9581 -2.85285
658 -0.9581 -1.85285
659 -0.9581 -0.85285
660 -0.9581 0.14715
661 -0.9581 1.14715
662 -0.9581 2.14715
663 -0.9581 3.14715
664 -0.9581 4.14715
665 -0.9581 5.14715
666 -0.9581 6.14715
667 0.0419 -5.85285
668 0.0419 -4.85285
669 0.0419 -3.85285
670 0.0419 -2.85285
671 0.0419 -1.85285
672 0.0419 -0.85285
673 0.0419 1.14715
674 0.0419 2.14715
675 0.0419 3.14715
676 0.0419 4.14715
677 0.0419 5.14715
678 0.0419 6.14715
679 1.0419 -5.85285
680 1.0419 -4.85285
681 1.0419 -3.85285
682 1.0419 -2.85285
683 1.0419 -1.85285
684 1.0419 -0.85285
685 1.0419 0.14715
686 1.0419 1.14715
687 1.0419 2.14715
688 1.0419 3.14715
689 1.0419 4.14715
690 1.0419 5.14715
691 1.0419 6.14715
692 2.0419 -5.85285
693 2.0419 -4.85285
694 2.0419 -3.85285
695 2.0419 -2.85285
696 2.0419 -1.85285
697 2.0419 -0.85285
698 2.0419 0.14715
699 2.0419 1.14715
700 2.0419 2.14715
701 2.0419 3.14715
702 2.0419 4.14715
703 2.0419 5.14715
704 2.0419 6.14715
705 3.0419 -5.85285
706 3.0419 -4.85285
707 3.0419 -3.85285
708 3.0419 -2.85285
709 3.0419 -1.85285
710 3.0419 -0.85285
711 3.0419 0.14715
712 3.0419 1.14715
713 3.0419 2.14715
714 3.0419 3.14715
715 3.0419 4.14715
716 3.0419 5.14715
717 4.0419 -4.85285
718 4.0419 -3.85285
719 4.0419 -2.85285
720 4.0419 -1.85285
721 4.0419 -0.85285
722 4.0419 0.14715
723 4.0419 1.14715
724 4.0419 2.14715
725 4.0419 3.14715
726 4.0419 4.14715
727 4.0419 5.14715
728 5.0419 -3.85285
729 5.0419 -2.85285
730 5.0419 -1.85285
731 5.0419 -0.85285
732 5.0419 0.14715
733 5.0419 1.14715
734 5.0419 2.14715
735 5.0419 3.14715
736 5.0419 4.14715
737 6.0419 -1.85285
738 6.0419 -0.85285
739 6.0419 0.14715
740 6.0419 1.14715
741 6.0419 2.14715
742 0.0 0.0
743 0.0 0.0
744 1.0 0.0
745 0.0 0.0