600 75 1 1 1 0.5 0.5 0.085 
30 24 1.23 118 11.8
3 0.8333333333333334 0.8333333333333334 0.8333333333333334
0 0.0 0.0
1 -0.30821 5.8985 8
2 -1.75607 -4.19944 7
3 -2.58613 -5.32823 7
4 -3.71066 3.5505 4
5 -1.50914 4.84983 7
6 -0.09106 -3.08784 6
7 5.16249 2.9237 7
8 1.55364 0.21556 6
9 -2.72424 1.83485 8
10 -1.82653 3.68619 6
11 4.82444 2.29759 7
12 2.55846 1.54149 7
13 -5.60137 -0.0252 7
14 5.71781 -1.65723 6
15 1.5021 2.79083 6
16 2.01749 4.2825 7
17 -1.00379 1.24326 6
18 -1.64137 -3.55003 8
19 1.7096 0.90424 8
20 1.93264 5.54995 6
21 3.73185 1.7445 6
22 -5.75747 1.06282 7
23 -5.14933 -1.50738 5
24 3.65759 -4.2555 9
25 2.78813 0.56628 6
26 1.41315 1.66809 7
27 -0.81004 4.67642 7
28 -2.41394 1.44637 7
29 -1.73763 4.89717 7
30 3.99728 -0.23822 7
31 -2.72422 3.55605 7
32 4.86995 -3.19009 6
33 4.45242 -0.18225 6
34 -0.63285 2.34543 8
35 1.55464 2.27445 7
36 2.73748 -3.62723 7
37 4.44763 0.40895 8
38 3.43686 3.45794 6
39 1.32187 3.74875 6
40 4.86594 0.70964 7
41 -2.60517 -2.97632 6
42 4.80182 0.49972 7
43 -0.7783 5.24825 7
44 -2.69732 -1.00739 7
45 -1.82167 -3.40694 8
46 3.15875 3.03855 8
47 -4.89153 -1.22391 6
48 -0.82816 -3.18211 7
49 4.38851 1.30901 8
50 -4.70276 1.10702 9
51 -3.90308 4.152 7
52 3.42243 1.66831 8
53 -4.25481 -2.37994 7
54 2.61055 1.37708 6
55 -1.74204 -4.00198 8
56 -2.899 -0.05773 7
57 3.7897 -4.34553 5
58 -4.06327 0.56022 7
59 3.30541 -4.39808 6
60 -2.52883 3.1498 7
61 -5.66954 0.79929 7
62 -3.19629 -2.38675 8
63 -1.32329 -3.41702 6
64 0.71265 -2.77786 7
65 5.2885 1.67795 7
66 -1.76236 -5.31068 7
67 0.27078 -4.72029 7
68 1.63573 -1.55939 7
69 -3.69275 -2.96165 7
70 0.96147 -3.09994 8
71 2.14787 4.72881 7
72 -3.14568 4.7486 8
73 -3.56652 2.6272 7
74 -2.43899 4.08308 7
75 -0.98199 1.86594 7
76 -2.81862 -3.54018 7
77 1.30299 -2.21637 7
78 -5.96367 -0.43876 7
79 -0.49019 -3.77927 6
80 -4.44321 -2.90167 6
81 -0.54522 -1.89493 7
82 -1.97768 -1.43009 8
83 3.25818 3.83667 6
84 2.84003 -3.39909 7
85 2.28365 4.04077 8
86 -0.87792 5.47306 5
87 -4.22433 -0.93068 7
88 -2.3819 -4.8907 7
89 3.97468 -1.91642 6
90 3.50909 4.60577 9
91 4.74465 1.49905 6
92 -2.04368 -1.75867 7
93 -3.41498 -1.70047 7
94 -0.72569 -5.56267 7
95 1.53975 3.42071 8
96 0.61163 -2.87324 7
97 3.9242 1.67381 7
98 2.71013 2.85685 7
99 2.10631 4.32462 8
100 3.50904 2.16276 7
101 3.2033 0.89161 6
102 -2.40748 -3.22102 6
103 4.00713 -0.57909 8
104 -5.0099 2.75819 6
105 3.44471 4.84211 7
106 -1.3638 4.62985 8
107 0.07913 2.24749 6
108 -1.11562 -5.07386 6
109 -3.61537 -3.47631 9
110 -4.19977 -3.53415 8
111 3.72114 -0.35996 8
112 -0.33365 2.03123 7
113 -3.35924 -3.408 7
114 -2.01502 1.54117 7
115 -0.42257 -5.26361 8
116 -3.47275 4.12332 6
117 1.90237 -3.5245 7
118 -0.97355 5.75807 6
119 -1.01063 -2.6634 6
120 1.44644 5.65421 6
121 0.28986 -4.22803 7
122 -5.2556 -0.61618 5
123 0.4339 5.24113 7
124 -0.28041 -5.9403 8
125 4.40575 3.96074 6
126 -2.88444 -1.8767 7
127 0.15981 -1.66238 6
128 -4.41305 -1.05406 9
129 -1.80215 -0.38161 6
130 0.28601 -4.93541 8
131 -4.12176 -1.82045 7
132 4.43762 2.24809 6
133 3.70329 1.85226 6
134 3.25481 -0.92309 6
135 -5.85151 0.2474 6
136 -2.65709 -4.44623 7
137 -1.03521 1.17974 7
138 -1.48008 1.84707 6
139 -1.92837 -4.45545 7
140 -1.28949 3.21068 6
141 3.21737 2.37819 6
142 -2.59587 4.67848 8
143 2.77182 2.55331 8
144 5.72189 -0.86949 8
145 3.00649 -4.18644 8
146 -2.98606 -3.45846 6
147 2.59719 1.26972 8
148 -3.7108 1.5178 5
149 4.16641 -3.26164 7
150 -4.45824 -3.97662 7
151 -1.7002 1.35834 8
152 -1.81905 1.86787 8
153 2.33745 4.66507 6
154 5.51171 0.1055 5
155 -2.22338 -0.55015 6
156 -2.74056 -4.76783 7
157 1.43571 5.17117 8
158 -2.56782 -1.11106 8
159 -3.1034 2.02273 7
160 3.11282 2.7502 8
161 -3.74374 -0.77345 7
162 2.65288 -4.85571 7
163 -2.91503 -2.19852 8
164 -2.88108 2.19915 5
165 5.75225 0.85302 6
166 -0.21443 5.76659 8
167 -4.67965 -3.6116 7
168 -2.10151 -5.00884 7
169 -1.07634 2.00621 7
170 0.68739 2.2013 6
171 0.57177 -4.55243 7
172 4.6948 3.01745 6
173 -4.89636 2.84909 6
174 -3.63931 -3.24023 8
175 -5.86856 -0.26163 7
176 2.55703 0.91529 9
177 0.81523 3.01061 7
178 1.69608 3.255 8
179 -3.29532 -0.24085 6
180 0.98302 3.43811 8
181 -0.00765 -2.4995 6
182 3.32051 1.9728 8
183 -1.42451 1.10708 8
184 3.34293 -3.03726 6
185 5.57619 -1.75438 7
186 -1.57377 3.84658 7
187 1.33741 4.63967 8
188 4.74533 0.61682 7
189 -1.82323 -5.5161 8
190 4.66888 2.28945 8
191 5.48442 -0.09425 5
192 -1.14091 3.50475 7
193 5.57688 -1.33242 7
194 -0.47931 -2.87595 7
195 -3.41178 2.09264 8
196 -2.26367 4.692 7
197 -1.75015 -3.23127 7
198 5.1395 -2.39636 8
199 -0.59854 5.56227 7
200 -1.71261 -2.21127 8
201 -2.89884 1.27843 4
202 1.94624 0.48148 6
203 5.30278 1.76418 8
204 3.55089 1.04404 7
205 3.77476 1.1284 7
206 -1.18241 3.1586 8
207 0.74488 -2.41952 6
208 3.94474 -1.45283 7
209 -2.70305 1.6927 6
210 0.72982 -4.55234 8
211 2.291 -1.96077 6
212 -0.18048 4.41325 4
213 -4.07331 -4.20288 7
214 3.68597 -1.10138 6
215 -5.21697 -2.69038 6
216 -0.34863 -2.01473 7
217 3.3561 3.08363 7
218 -3.95731 2.61397 7
219 -3.66879 4.60968 8
220 1.10724 -5.67882 9
221 2.87097 3.35419 7
222 0.55381 -5.25128 7
223 -5.66003 -1.77508 6
224 -3.30977 -4.01899 7
225 5.33994 -2.43537 8
226 0.61934 -5.79259 8
227 -4.1887 -0.98207 6
228 -0.72407 4.89869 6
229 -2.22664 1.83358 8
230 0.31927 -3.5823 7
231 -0.32551 5.6014 6
232 -2.77492 -3.74585 7
233 -2.49447 2.33648 5
234 2.48873 -0.44761 7
235 0.49254 3.13568 7
236 -0.65235 -2.45824 6
237 -0.4065 3.1583 7
238 2.79375 -2.7186 6
239 -1.91785 -0.14032 5
240 4.21213 -3.57972 9
241 3.05107 -2.56312 7
242 4.62271 -0.17108 8
243 0.43492 -4.85081 7
244 -1.79778 -1.8712 7
245 -2.23373 0.22763 6
246 1.94673 -1.93473 7
247 5.88903 -0.60296 7
248 2.26172 -0.81364 8
249 -0.04659 -4.06355 7
250 -5.20272 -2.17143 6
251 -0.4614 4.66438 6
252 -0.80464 1.48132 8
253 3.18266 4.70259 8
254 0.44044 -3.87569 8
255 -1.39064 -2.44479 7
256 -0.15495 -3.68861 7
257 -4.6232 0.9636 6
258 1.80659 -0.51005 7
259 2.60649 4.14341 7
260 -1.94876 4.36388 7
261 -3.03257 0.88053 8
262 3.93875 1.05564 8
263 -0.54507 -2.91274 8
264 -0.34594 1.68826 9
265 0.54208 4.6544 5
266 -2.98827 -2.88981 6
267 3.35828 -4.40356 8
268 2.93916 0.574 5
269 -4.09639 -0.58296 7
270 -4.66117 1.74645 7
271 2.12352 -0.21668 9
272 0.64161 1.99625 8
273 4.07177 2.97059 7
274 3.20167 -0.52009 7
275 -3.69558 0.93644 8
276 -4.63618 0.49176 6
277 -3.951 -0.67682 7
278 -0.13013 5.64132 6
279 -3.31884 -4.5007 7
280 3.14545 -0.77156 6
281 -3.19398 -2.53676 7
282 -2.50586 -1.54518 8
283 -4.29504 2.31609 7
284 -2.36711 -3.33122 8
285 3.96497 1.89738 7
286 -3.25503 3.69158 7
287 5.7781 0.76589 7
288 -4.85561 -2.43956 7
289 2.36857 -0.89356 6
290 5.21603 -2.38115 6
291 -1.14055 -4.87854 7
292 -3.5424 -0.69426 7
293 0.95066 -5.0974 7
294 0.44364 4.25244 8
295 -1.13478 4.46062 6
296 -2.53628 3.88798 8
297 -2.57149 0.86614 7
298 2.82218 -2.54995 8
299 1.21274 -3.93514 9
300 -2.04029 -0.18823 7
301 -5.12931 -0.60512 7
302 1.60765 3.27034 7
303 -2.92678 3.12694 6
304 -2.29953 -5.38137 4
305 4.15469 -3.77922 6
306 -2.64375 -2.11603 8
307 -0.93867 -3.85721 5
308 1.20244 -4.48144 6
309 -1.26229 -2.16544 6
310 2.69466 -4.67547 6
311 2.70226 4.49084 9
312 1.70145 -1.80487 7
313 3.62558 -3.60183 7
314 3.85588 -2.18183 6
315 0.01013 -1.77891 7
316 4.59898 0.30544 8
317 -4.99753 -1.7512 5
318 1.50449 1.01695 7
319 3.15782 -3.80418 8
320 -3.19916 0.67651 6
321 4.10129 0.34641 7
322 -1.31908 1.7163 7
323 1.70989 -4.158 6
324 2.03151 -5.45971 6
325 3.15842 -1.6006 6
326 -1.47633 -1.48824 8
327 -1.10267 -5.44626 8
328 4.76017 3.40178 7
329 -1.46192 4.0849 7
330 4.40244 3.67842 7
331 -4.69138 -3.30266 7
332 -4.96403 1.54869 6
333 1.89248 5.1697 7
334 -0.82213 -2.65363 6
335 2.70949 -4.84207 7
336 2.01665 3.49443 9
337 2.21579 -2.64877 6
338 -1.26438 4.42879 7
339 2.31684 -5.0816 7
340 -2.90422 -2.9043 7
341 -2.19628 -0.22594 7
342 -3.21517 1.2682 7
343 2.37949 -2.49344 7
344 -4.27519 -2.73829 8
345 1.61847 -5.64482 8
346 4.444 -1.03362 6
347 1.49471 2.92836 8
348 -0.07821 5.09652 7
349 -1.74928 -2.04348 6
350 0.86957 1.89046 6
351 2.92778 3.94742 7
352 -0.98435 1.47652 6
353 3.22889 -2.65311 7
354 1.59534 -1.48385 6
355 1.7545 -2.79263 7
356 -4.70482 -0.75631 7
357 -5.93262 0.46242 6
358 1.67992 0.39049 7
359 4.33617 0.94226 6
360 2.39103 3.60019 8
361 -3.91357 2.83417 6
362 2.65044 4.901 5
363 4.19442 1.21056 6
364 -4.10755 2.16856 7
365 0.54816 -4.34865 7
366 5.28696 1.08535 7
367 -4.40927 -3.66297 7
368 -2.04686 2.99168 6
369 5.08775 -0.90178 7
370 -0.30921 -4.92467 7
371 2.91457 -2.52066 8
372 1.01188 -5.32392 7
373 -3.21879 -3.91758 8
374 3.99646 1.69678 7
375 -4.14094 2.09881 9
376 5.44538 2.15046 8
377 4.5781 -1.70199 8
378 -3.77661 -3.06835 7
379 1.62285 3.53029 8
380 -0.28763 5.34383 7
381 -3.08798 4.70716 7
382 -2.20388 -2.79969 6
383 -0.76814 3.56039 6
384 4.69035 -1.72366 8
385 -0.61722 3.4085 7
386 1.46335 -1.69306 8
387 -3.31167 -1.0031 5
388 3.75971 3.41189 6
389 -2.55916 3.55889 8
390 -1.62002 4.38209 6
391 4.82895 -0.25844 5
392 -3.93283 2.20059 8
393 -3.97466 -4.34696 5
394 -3.15105 4.4363 7
395 3.25008 -4.91947 9
396 -5.05403 0.32729 6
397 -5.37098 -0.67851 7
398 3.57758 -3.84839 7
399 1.26704 5.69268 6
400 -3.24076 1.79938 6
401 -1.49381 -3.31176 8
402 -1.19775 -1.10351 8
403 -0.95615 -1.90376 5
404 5.73826 -1.33376 8
405 -0.26967 4.26686 8
406 -0.57519 2.45447 7
407 1.36194 -2.00903 7
408 -4.37068 0.78498 7
409 4.91955 0.19033 8
410 4.37677 -3.35341 8
411 3.55233 -2.98617 8
412 -2.73899 2.45299 7
413 -3.8683 3.30734 6
414 2.86144 -0.62989 6
415 -1.87809 3.15508 5
416 1.79652 1.7618 8
417 -2.29333 -4.4681 8
418 -0.32152 4.51219 6
419 1.98082 3.62748 7
420 -1.37054 -2.85361 5
421 4.93127 2.53124 6
422 3.94832 -0.20351 7
423 0.59114 5.71758 7
424 -2.22626 2.54299 7
425 4.47898 -1.9225 7
426 -3.77997 -3.58495 6
427 2.81674 0.17023 8
428 2.57654 -1.32532 9
429 -2.50831 4.66536 7
430 1.45924 1.77155 7
431 -0.1446 4.28642 8
432 -2.08785 -0.82835 7
433 0.42381 -5.88192 7
434 -5.32169 -1.45519 7
435 -3.16078 0.31957 6
436 0.20245 -5.53845 7
437 4.75752 -2.20111 9
438 -2.4263 0.15214 6
439 2.76143 1.9059 6
440 3.13072 3.75644 7
441 4.66516 -2.08627 7
442 3.44166 -1.41497 7
443 -0.30247 -2.55181 5
444 -3.3896 -2.73176 7
445 3.7545 -3.73342 6
446 0.99874 -4.34054 7
447 -0.47057 -2.93079 6
448 -3.36971 -1.08008 7
449 -0.86804 -5.20173 8
450 -2.61285 3.31235 6
451 3.28564 -4.15711 8
452 0.94437 -2.7016 7
453 -4.81836 -1.46621 8
454 5.00858 2.03715 7
455 -4.69508 3.18717 9
456 -0.45086 5.82983 7
457 2.60535 5.12322 7
458 -3.87113 -2.65163 8
459 3.41009 0.74124 8
460 -0.42277 1.76524 6
461 2.93316 4.00989 7
462 -5.55307 -1.85896 6
463 3.06095 3.50285 7
464 1.45589 3.20389 7
465 3.5132 -1.01827 7
466 -0.25854 4.32936 6
467 -5.89876 -0.81455 7
468 0.43227 4.07358 5
469 3.86761 0.59982 8
470 -0.91701 -4.25437 7
471 -2.06973 2.33433 7
472 -3.41813 0.61566 7
473 5.41673 0.4993 6
474 2.24916 5.22741 7
475 -3.60634 -1.31884 6
476 -1.90319 -3.85988 7
477 -3.52053 -4.51101 7
478 4.85496 -1.66047 6
479 -2.72833 3.20244 8
480 3.80668 -4.48282 9
481 0.03131 -5.66862 8
482 -1.35397 -4.00342 6
483 1.6464 -2.46318 8
484 4.2758 -3.49063 7
485 -1.86229 -5.39228 8
486 4.61381 1.9082 6
487 2.00301 5.04181 7
488 -1.5676 -0.65917 5
489 -4.53132 -1.63193 7
490 5.32996 -1.03848 7
491 -3.15943 -1.38407 8
492 1.01617 -2.54189 8
493 -3.86087 -4.17093 8
494 4.50405 2.89266 7
495 -2.39459 2.93356 8
496 -4.60348 0.74458 8
497 1.89552 2.51977 7
498 -3.58113 0.77934 8
499 -4.29675 -2.6383 7
500 1.54838 -5.05396 6
501 -3.07637 -4.74058 7
502 2.92481 -3.99166 6
503 3.44377 -4.16786 6
504 2.70298 1.15821 6
505 4.62027 -2.27436 8
506 -5.34759 2.59947 7
507 -4.00253 -4.11109 5
508 -1.14221 5.23594 6
509 -1.506 5.48823 8
510 -4.19221 0.1856 7
511 3.38248 -1.23781 4
512 -4.45966 1.98069 8
513 4.55876 -1.1081 6
514 1.76214 -0.712 7
515 0.65076 -3.30694 8
516 -4.09627 2.27942 6
517 -1.60795 1.36193 5
518 0.39102 -2.05304 9
519 -3.16844 2.21668 8
520 2.28921 1.0484 7
521 2.71913 -2.97541 8
522 -1.81047 4.66363 7
523 -2.07113 -3.72805 7
524 0.22263 -1.68143 6
525 -2.00133 -5.43894 6
526 3.21703 -0.60815 6
527 -1.57825 -0.09233 8
528 3.81639 -1.61911 8
529 5.33177 1.59062 7
530 -5.60172 1.54303 7
531 -2.52612 -0.60316 9
532 -1.80143 -1.15624 8
533 0.81495 5.455 6
534 2.04177 -5.15502 7
535 4.55969 -3.51234 6
536 5.09357 -1.72751 7
537 -3.71769 4.08124 8
538 5.45828 -0.23697 6
539 -1.41543 1.261 7
540 -0.10808 2.86034 8
541 -0.47037 -1.87073 8
542 1.48166 0.29203 7
543 1.79558 5.65562 8
544 4.05794 4.4172 7
545 -1.99263 4.12657 7
546 2.12017 -1.65813 8
547 1.7552 1.9404 4
548 5.67286 -0.91215 8
549 0.21687 -5.75993 8
550 2.05175 -4.21617 6
551 -5.09181 0.83745 6
552 4.35526 -1.87578 8
553 -4.0724 -3.11889 6
554 4.86661 -3.4036 8
555 -1.96799 3.61273 6
556 2.13517 -0.54479 7
557 2.19135 -0.27826 7
558 -4.06283 2.79651 6
559 1.07002 1.75853 5
560 2.39634 -0.39105 7
561 0.31788 5.65263 8
562 1.78987 -5.54112 8
563 2.30393 -0.87966 6
564 3.0808 0.46369 7
565 -0.88523 -5.90774 7
566 5.31897 2.23533 7
567 -4.78866 -0.72131 7
568 2.63333 -3.36331 6
569 4.69903 2.61279 7
570 1.024 4.20282 7
571 1.27468 -5.79259 7
572 -1.52172 -5.08559 6
573 0.33965 -4.8616 7
574 -2.44409 -0.24312 6
575 -0.76338 5.09711 7
576 -1.35778 2.09069 6
577 -0.53766 -2.62658 9
578 5.58428 -0.41735 7
579 -1.68791 4.33039 8
580 0.51794 4.58064 6
581 -2.22047 4.57072 7
582 4.97771 2.44991 6
583 2.63804 5.2196 8
584 0.96186 -1.87238 6
585 1.44565 1.23157 6
586 1.21579 1.84105 7
587 3.17669 -5.01657 6
588 0.31017 4.49214 8
589 3.63384 -1.3117 7
590 -1.37384 4.57441 7
591 1.04654 2.2907 7
592 -3.22974 2.2227 9
593 3.49578 0.1481 6
594 -4.42837 2.32702 6
595 -2.62941 -0.78774 6
596 5.86519 -0.83055 6
597 -0.36298 -1.87274 7
598 -1.80288 1.57264 7
599 -1.92872 2.02672 7
600 -5.16467 2.9971 8
601 -5.96367 -3.1403
602 -5.96367 -1.7403
603 -5.96367 -0.3403
604 -5.96367 1.0597
605 -5.96367 2.4597
606 -4.56367 -4.5403
607 -4.56367 -3.1403
608 -4.56367 -1.7403
609 -4.56367 -0.3403
610 -4.56367 1.0597
611 -4.56367 2.4597
612 -4.56367 3.8597
613 -3.16367 -5.9403
614 -3.16367 -4.5403
615 -3.16367 -3.1403
616 -3.16367 -1.7403
617 -3.16367 -0.3403
618 -3.16367 1.0597
619 -3.16367 2.4597
620 -3.16367 3.8597
621 -3.16367 5.2597
622 -1.76367 -5.9403
623 -1.76367 -4.5403
624 -1.76367 -3.1403
625 -1.76367 -1.7403
626 -1.76367 -0.3403
627 -1.76367 1.0597
628 -1.76367 2.4597
629 -1.76367 3.8597
630 -1.76367 5.2597
631 -0.36367 -5.9403
632 -0.36367 -4.5403
633 -0.36367 -3.1403
634 -0.36367 -1.7403
635 -0.36367 1.0597
636 -0.36367 2.4597
637 -0.36367 3.8597
638 -0.36367 5.2597
639 -0.36367 6.6597
640 1.03633 -5.9403
641 1.03633 -4.5403
642 1.03633 -3.1403
643 1.03633 -1.7403
644 1.03633 -0.3403
645 1.03633 1.0597
646 1.03633 2.4597
647 1.03633 3.8597
648 1.03633 5.2597
649 1.03633 6.6597
650 2.43633 -5.9403
651 2.43633 -4.5403
652 2.43633 -3.1403
653 2.43633 -1.7403
654 2.43633 -0.3403
655 2.43633 1.0597
656 2.43633 2.4597
657 2.43633 3.8597
658 2.43633 5.2597
659 3.83633 -4.5403
660 3.83633 -3.1403
661 3.83633 -1.7403
662 3.83633 -0.3403
663 3.83633 1.0597
664 3.83633 2.4597
665 3.83633 3.8597
666 3.83633 5.2597
667 5.23633 -3.1403
668 5.23633 -1.7403
669 5.23633 -0.3403
670 5.23633 1.0597
671 5.23633 2.4597
672 5.23633 3.8597
673 6.63633 -1.7403
674 6.63633 -0.3403
675 6.63633 1.0597
676 0.0 0.0
677 0.0 0.0
678 1.0 0.0
679 0.0 0.0