600 141 1 1 1 0.5 0.5 0.085 
30 24 1.23 118 11.8
3 0.8333333333333334 0.8333333333333334 0.8333333333333334
0 0.0 0.0
1 3.22555 -4.39804 8
2 -5.31916 -2.12767 7
3 2.31053 -1.0942 5
4 -1.89136 -5.43131 7
5 -4.21469 -2.41424 8
6 0.94033 -2.15819 8
7 2.47353 -2.3518 7
8 4.53948 -0.31678 7
9 5.87924 0.0193 8
10 3.9142 -4.4152 5
11 -2.09133 -1.78768 7
12 5.90492 -0.37336 5
13 -5.78962 -1.0172 6
14 -4.28074 0.55381 8
15 1.71503 -5.13012 8
16 0.36816 2.62738 8
17 -4.05981 0.04861 7
18 4.67649 -3.35954 6
19 -4.80233 -2.43405 8
20 -4.3784 0.28667 8
21 -0.35213 -4.92517 6
22 -1.59408 -0.95613 7
23 0.11406 5.55834 9
24 -2.91361 -5.02823 8
25 4.34137 2.51193 8
26 -3.7073 -3.75229 7
27 -2.77499 -4.43059 7
28 -0.49933 -3.90363 7
29 3.81873 -3.12885 6
30 2.8158 -0.31439 8
31 0.60913 -5.07031 7
32 -1.58971 -0.89286 7
33 3.06568 -1.48249 7
34 -1.70956 -0.9411 6
35 2.33784 0.25041 7
36 3.97518 3.77355 7
37 3.29752 -3.85056 8
38 -3.5814 0.35452 8
39 3.28847 -4.84829 7
40 0.46609 1.78754 6
41 -3.90917 -1.33268 5
42 -2.66457 -2.83331 7
43 5.19294 1.0581 7
44 -4.05201 -3.55938 8
45 -1.89854 2.22542 9
46 4.12535 1.32703 6
47 -4.14902 0.27229 8
48 1.73364 4.58885 8
49 3.66208 3.57494 7
50 1.45319 5.06052 8
51 2.05874 2.70692 9
52 1.87478 4.65566 7
53 4.75936 1.30691 8
54 -1.83701 -2.08891 7
55 -3.40671 4.49941 5
56 -4.23911 -1.04867 7
57 4.06448 -0.94801 7
58 -3.70643 0.02059 7
59 -4.57254 -1.04627 7
60 -2.94719 1.05722 8
61 3.74003 3.69018 8
62 -3.28932 0.19953 8
63 2.65052 -3.50725 7
64 3.5704 -3.61885 7
65 -0.72293 5.63874 8
66 1.51842 5.68511 8
67 -4.17763 -1.80719 7
68 -1.67386 -2.03144 6
69 -2.34112 1.34455 7
70 0.90333 3.18196 6
71 5.24041 -1.77828 7
72 2.86323 1.62295 7
73 4.29355 3.36118 8
74 2.03029 2.5193 8
75 2.90532 5.01714 7
76 -2.71807 -2.58342 8
77 -2.66678 -1.33167 7
78 3.10101 1.05253 9
79 4.35862 -2.01096 9
80 -0.57063 -4.23059 8
81 -0.28677 -3.7465 7
82 5.07268 2.13503 7
83 2.99996 -3.60596 6
84 1.89008 -0.32427 8
85 -1.46207 -2.54913 8
86 2.18084 -2.67226 8
87 1.16836 -5.14203 7
88 -5.2434 -0.44176 7
89 1.70674 3.48957 6
90 -3.71949 2.75306 8
91 1.4614 1.63536 7
92 1.97974 0.38914 6
93 4.16617 -1.67555 8
94 -1.6927 5.06771 8
95 -1.64005 5.57522 8
96 -1.28229 2.23385 6
97 -4.53239 0.95144 7
98 -2.53891 -3.4126 7
99 1.60799 0.25704 6
100 2.02108 -3.08919 7
101 -2.59016 -1.00735 6
102 3.27971 -4.27792 8
103 -2.06042 2.91688 6
104 -4.2267 1.49098 8
105 2.63908 0.93591 8
106 2.10043 4.26088 7
107 -1.73726 -2.84731 7
108 -2.39852 4.30956 7
109 4.05779 -3.00754 8
110 3.8641 3.54525 7
111 4.16695 -0.30378 7
112 -2.18292 -0.56022 7
113 -0.84467 -3.04377 7
114 5.75107 -0.01837 8
115 -0.64053 2.64244 8
116 -4.7156 2.80793 8
117 -4.40893 0.99017 5
118 0.52454 -5.9661 7
119 0.91875 -2.01105 7
120 3.35089 2.4417 7
121 1.0556 2.17606 6
122 -3.74519 4.54836 8
123 1.45384 0.54107 7
124 -5.27916 -0.73056 6
125 -2.80545 4.68652 7
126 2.52972 5.01687 7
127 0.57607 2.18354 7
128 3.28376 -2.22701 7
129 -1.49985 -2.9616 7
130 -5.30274 1.06454 7
131 3.49089 -2.15032 7
132 4.55979 3.4918 7
133 -0.08104 -2.89496 9
134 -0.2878 -3.32724 8
135 -2.47656 -1.0142 7
136 1.05099 2.39535 8
137 -4.60416 -3.2234 6
138 -1.44155 4.44263 6
139 3.03542 3.405 6
140 0.62222 2.59905 6
141 4.40097 -3.41633 7
142 4.34347 2.09252 7
143 0.17717 3.7501 5
144 -2.1285 -4.18471 7
145 -3.7127 1.42369 6
146 2.18642 0.18291 6
147 2.5686 -1.93636 7
148 0.83288 2.3913 8
149 2.42182 1.60987 9
150 -1.13457 3.01017 7
151 -3.88832 1.10169 10
152 1.59066 1.18137 7
153 5.71745 -0.16566 7
154 -2.8818 5.0825 7
155 -1.2715 4.14728 7
156 4.00655 1.64617 7
157 -1.10277 3.52589 6
158 5.47146 1.64011 8
159 -3.8334 -0.13079 6
160 0.17575 -2.44381 7
161 -3.63355 -3.92184 8
162 3.31521 2.10073 7
163 2.8185 1.56943 7
164 0.67878 -3.927 8
165 1.94173 -1.3172 8
166 -2.53115 -0.54531 8
167 4.51545 3.69526 6
168 2.69392 -5.22134 6
169 -2.4468 3.95935 8
170 -0.56353 1.98746 7
171 -2.765 -2.60562 7
172 3.75625 0.2443 7
173 5.22239 1.64071 8
174 -0.82081 -1.44781 7
175 -1.5316 -1.16459 6
176 -2.78234 -0.46046 7
177 5.40321 0.65699 7
178 -1.3775 -5.00481 9
179 0.9618 -4.81522 7
180 -0.98787 4.06113 7
181 2.22586 -0.35538 8
182 -3.28057 -1.22011 7
183 -4.16527 3.16763 7
184 2.72001 1.1085 7
185 0.95037 -4.95232 6
186 -1.51957 2.47678 7
187 -2.98531 -2.40297 7
188 -0.26549 -4.8264 7
189 4.22823 3.27181 8
190 1.55032 1.60764 8
191 -5.51938 -1.77574 7
192 -5.30906 0.49413 7
193 3.33834 -2.74495 7
194 1.247 -3.92495 8
195 -0.40891 -4.14267 8
196 3.36519 1.12464 7
197 3.95194 1.94791 7
198 3.74908 2.33086 9
199 1.63425 -5.21288 8
200 5.05014 -1.88988 8
201 -1.98166 -4.47982 6
202 2.61651 2.86041 7
203 -0.92847 -5.36459 7
204 3.45947 2.87488 7
205 2.77615 2.52587 5
206 -3.69329 -4.50565 6
207 -2.68034 4.96275 8
208 -2.59269 -3.75443 5
209 -0.02632 -4.82264 8
210 -4.06999 -2.34478 6
211 -0.19047 -3.03727 7
212 0.33543 3.50778 7
213 -0.40199 -4.24053 6
214 3.11297 -0.58171 7
215 3.71705 -4.11448 6
216 2.54495 1.53184 7
217 -2.09932 2.33832 7
218 -1.92716 2.07303 5
219 -1.2512 -2.89278 5
220 -3.36225 -2.37699 6
221 0.87416 -3.46201 5
222 -3.89445 4.27169 7
223 1.11706 3.93975 8
224 2.49197 1.50919 7
225 0.78666 -5.67194 7
226 1.63378 5.71378 8
227 0.57898 4.88854 6
228 -2.32105 -0.78294 8
229 0.43651 3.28164 6
230 -2.5154 -3.11722 7
231 -4.70278 0.46004 6
232 1.92689 2.71786 7
233 0.94733 -4.65817 5
234 4.13375 3.02748 8
235 -0.85284 3.0011 8
236 0.19755 2.48472 8
237 -3.43615 -0.67502 9
238 3.02696 1.96119 7
239 -3.37082 2.28105 6
240 3.482 2.69553 6
241 1.72531 1.46951 7
242 0.71537 -3.25531 7
243 -1.39743 5.22795 8
244 -1.43154 -1.08944 6
245 5.65223 -1.28497 7
246 -4.72669 2.13472 7
247 -1.47275 -4.07082 6
248 0.23737 -4.66035 8
249 -2.92028 1.31541 7
250 -2.35626 -3.49058 7
251 4.54816 3.75079 9
252 4.1618 -1.8396 7
253 1.70549 4.11456 7
254 -0.32197 3.15637 8
255 1.28183 -4.13609 7
256 -4.81362 0.37568 7
257 0.59621 -4.9815 7
258 -3.13598 2.40089 7
259 -0.54977 3.78797 6
260 5.80357 1.38308 7
261 -0.87008 -1.66333 8
262 -5.12179 2.42727 7
263 -5.48857 1.71727 6
264 -4.16109 -3.43607 7
265 2.19987 0.86146 6
266 -1.33802 3.04924 7
267 0.5241 -3.64604 8
268 -1.65755 -4.73744 7
269 1.84798 1.85571 7
270 3.52642 3.76242 7
271 2.02333 1.3264 6
272 4.925 0.24219 6
273 -3.85274 2.02107 6
274 -2.98703 -4.42952 7
275 -0.86966 -5.06223 6
276 -5.61313 -1.11503 6
277 4.40712 3.59109 7
278 -2.48788 -2.70896 6
279 3.5599 3.62764 7
280 1.98556 2.2324 8
281 1.47471 1.05166 6
282 3.28271 4.07263 8
283 2.14883 3.80897 6
284 1.42314 4.05241 7
285 2.86895 2.7635 4
286 -1.93702 4.36817 6
287 0.97269 4.70639 4
288 -0.0366 5.5906 6
289 4.24316 -3.38096 6
290 -1.34994 -4.46005 6
291 -2.72618 -0.99579 6
292 1.28804 2.94765 6
293 1.34032 5.5112 7
294 1.58611 0.83785 8
295 3.71378 -2.23428 8
296 -0.75586 -2.71039 6
297 -5.55247 -2.10963 7
298 -1.99029 4.72675 7
299 2.19853 3.78251 7
300 -3.05941 -2.96467 6
301 2.05856 -0.15636 6
302 2.40961 4.41139 7
303 -0.09391 1.91657 6
304 -1.7208 1.3039 5
305 3.983 1.99785 9
306 -0.94486 -2.14986 7
307 -4.4687 3.14534 9
308 5.43106 -0.58802 8
309 -4.21629 2.97578 5
310 -1.96281 -1.85886 7
311 -0.16573 3.35892 8
312 -3.26542 3.0149 7
313 3.13826 5.02387 7
314 0.2504 -4.90823 6
315 3.7304 -3.9173 8
316 -2.48001 3.37864 6
317 -1.61723 -3.77197 7
318 -1.50255 5.277 8
319 -2.20947 -0.43054 8
320 1.28563 -2.25647 7
321 -2.32886 -1.63654 7
322 -2.0071 3.37871 7
323 -1.67574 5.24414 8
324 -5.18019 1.59034 8
325 -1.83156 0.96762 7
326 -2.52012 3.06169 7
327 -4.17859 -1.60358 8
328 -0.18913 -4.035 7
329 -4.39355 2.2618 8
330 -4.37271 2.0793 5
331 2.46209 2.45816 7
332 4.05277 0.62713 8
333 -0.41598 1.61234 6
334 -2.45127 5.4271 7
335 -1.59811 -2.31041 6
336 2.32765 -0.64565 7
337 3.5399 -1.51259 7
338 -2.88535 0.78182 7
339 0.25909 4.32549 5
340 0.3229 -3.68831 7
341 0.34337 -5.85232 6
342 -0.33894 -5.76163 6
343 -0.07957 -2.00537 6
344 4.09882 3.21751 6
345 -1.40342 -3.05993 9
346 -3.95675 0.92996 8
347 1.07252 4.4261 8
348 2.1133 2.99627 8
349 1.80331 -3.61897 6
350 2.70189 5.30356 7
351 1.82145 3.01769 6
352 -2.56399 -4.3975 4
353 3.91837 -3.06355 7
354 -4.49722 -0.46958 8
355 -1.48769 -4.85776 7
356 2.83239 4.08936 7
357 2.75233 -0.82864 7
358 -2.47919 -0.65125 6
359 -2.56264 -5.42234 7
360 2.75847 0.6451 8
361 0.66528 -1.70519 8
362 -0.03995 -4.60314 7
363 4.11995 3.87801 8
364 -4.92186 -0.78098 7
365 -1.35105 2.61759 6
366 -3.67204 -1.10319 7
367 -3.39567 2.50378 7
368 -5.12158 3.02484 6
369 2.70026 2.58918 6
370 -0.18879 5.57568 6
371 4.85935 0.63051 7
372 3.43028 -1.78392 7
373 -1.67717 -2.42503 7
374 3.7261 -1.6792 6
375 2.22507 3.68338 5
376 2.21141 -1.19595 7
377 1.3032 -4.5219 6
378 -2.77941 -1.46926 9
379 -3.62894 1.43586 8
380 -0.22392 4.67714 7
381 0.04009 -3.27824 5
382 0.46389 3.44052 7
383 4.41843 1.88529 8
384 0.36373 -3.3273 9
385 -2.60549 -4.82536 5
386 -1.29042 -5.80945 7
387 -3.25374 -4.03845 7
388 -3.25113 1.81273 7
389 -3.6252 2.9699 8
390 0.97955 -2.21984 7
391 -2.35579 5.22381 8
392 2.22943 -5.19307 7
393 1.32788 -5.29964 7
394 1.9919 -2.66118 6
395 -4.72033 -0.16724 5
396 -1.14188 -1.30611 9
397 3.88221 -1.23733 6
398 -3.3588 1.23399 7
399 2.57992 1.02182 9
400 1.92693 -2.13782 6
401 -2.76032 -2.98379 6
402 -1.4291 1.84063 7
403 4.69965 3.16282 8
404 0.68823 4.20357 7
405 -2.91845 -4.14982 6
406 -4.01921 -3.11724 6
407 -3.70462 3.17431 7
408 1.15302 1.43342 7
409 2.11166 0.33629 6
410 -3.17608 1.71727 7
411 1.80675 4.11124 6
412 -0.748 -4.87627 7
413 -2.74544 2.91028 5
414 2.97628 -4.58979 7
415 -0.5092 -5.12204 8
416 -5.33225 -2.55128 6
417 1.99276 4.02634 7
418 3.50685 -0.96211 7
419 -0.23179 2.40026 6
420 4.25528 -2.18231 7
421 0.87637 5.2694 7
422 -2.84983 2.90173 6
423 1.96575 1.20462 8
424 -2.13547 -2.58519 9
425 1.15148 2.47184 8
426 3.28916 0.95674 7
427 -0.69378 -4.07695 6
428 -2.57271 3.66364 8
429 -2.23976 -3.55971 6
430 -4.20296 3.75884 9
431 -3.09455 -3.18717 7
432 5.78534 0.79187 7
433 4.12604 -2.59778 6
434 1.83658 -5.58562 6
435 -0.08403 -3.21975 6
436 1.93386 -4.61837 8
437 -2.57457 2.31895 8
438 -3.69715 -3.35479 8
439 -4.51076 -2.31604 8
440 -2.09395 -0.40015 6
441 -0.51669 3.25303 7
442 0.02698 3.13219 8
443 -4.7508 1.48972 7
444 0.77397 5.49083 9
445 1.24967 -3.50912 6
446 5.32683 -0.46627 7
447 4.91565 0.93745 7
448 -1.53439 -0.34971 6
449 4.05759 2.47169 8
450 1.25765 -3.7043 7
451 5.74549 -0.39248 7
452 1.38101 0.61778 8
453 3.92317 -1.57047 8
454 4.04432 0.46393 8
455 -1.70406 -3.86032 7
456 1.11809 -5.19546 7
457 -3.54096 -0.77138 8
458 4.02897 -3.53587 6
459 3.4317 -2.52621 6
460 -1.30695 -1.32245 6
461 1.85307 2.17988 7
462 1.03649 5.05322 9
463 1.76581 3.88743 8
464 2.62769 0.7068 7
465 2.9034 2.30938 6
466 -3.549 -3.18653 8
467 2.7435 -1.09299 8
468 -3.18078 4.12972 7
469 -2.73574 1.72102 6
470 5.73524 -0.5658 6
471 3.17126 -1.1287 8
472 -2.35704 -4.74658 7
473 2.92761 -0.21556 9
474 0.36495 -3.438 6
475 -1.19581 1.97361 7
476 -2.43675 -3.9698 6
477 0.18441 5.02787 8
478 -1.28317 4.36474 6
479 -1.73158 -3.69053 7
480 -4.82418 -0.85279 7
481 -4.1717 2.58922 8
482 -4.00912 -3.01558 7
483 0.01591 -4.86904 6
484 -5.05718 -2.92824 7
485 -2.88978 -0.97506 6
486 -4.42802 -2.56533 7
487 -3.1885 -0.23724 7
488 2.176 1.24285 6
489 -0.90633 -4.68242 6
490 4.17516 -0.10086 7
491 -2.57117 3.33483 8
492 4.87826 -0.89065 7
493 -3.02725 4.3684 5
494 2.83758 -2.45316 5
495 -4.75955 1.39268 8
496 -3.45413 2.08911 7
497 1.11505 5.42418 7
498 3.88015 3.9122 8
499 -1.19467 3.07858 7
500 -0.71663 -4.73717 7
501 0.95972 -4.58038 8
502 -1.56611 -4.24821 8
503 5.61166 0.34606 7
504 1.84877 -2.78718 7
505 3.18284 -1.68953 9
506 0.32881 -2.48302 6
507 5.6202 1.54358 7
508 -3.5355 3.39671 7
509 -1.21487 -4.11776 7
510 -0.6266 -4.8409 6
511 0.73097 4.48329 8
512 -0.58631 4.87371 9
513 -2.11072 -4.01883 6
514 -5.10462 0.72675 8
515 -3.17844 -3.12758 6
516 0.50889 5.96058 9
517 1.37184 2.78359 8
518 1.15754 -2.11679 7
519 0.25891 -2.42595 8
520 1.92153 -0.83901 7
521 3.1063 2.5011 8
522 1.72221 3.79692 7
523 3.10357 2.22803 6
524 -5.28229 0.3402 7
525 1.69017 4.53705 8
526 4.22197 -3.23718 6
527 4.71829 3.38697 7
528 5.69625 1.62258 8
529 -2.76541 -1.0409 5
530 0.37103 -2.60755 9
531 -1.92536 4.69489 8
532 1.00437 2.09945 7
533 -2.37042 3.78992 6
534 1.11233 4.34877 7
535 -5.58446 -0.35672 7
536 3.58899 -2.39436 9
537 -2.71696 -2.85435 8
538 4.0094 2.97246 9
539 -4.0413 3.30686 7
540 4.19046 1.49727 7
541 -3.73957 -0.03014 8
542 -2.45909 1.12484 7
543 4.69313 -0.07195 6
544 1.25745 -3.08484 7
545 -1.92871 0.17435 8
546 4.1496 -3.24188 7
547 2.09811 2.45803 8
548 -3.19386 2.64203 10
549 4.52953 -2.22407 9
550 3.29317 -1.87856 7
551 -1.18111 -5.07015 9
552 -2.90461 -2.67107 6
553 -2.78315 4.19158 5
554 4.69367 -1.99526 7
555 2.93484 2.92652 7
556 -0.2076 -1.69341 7
557 -2.21802 -2.91493 8
558 2.03132 -3.52763 7
559 -2.7066 2.01145 7
560 -0.00333 -2.98338 7
561 2.79388 -4.70928 8
562 -1.80014 3.67686 5
563 -5.37234 -1.83038 8
564 3.89721 -0.51401 6
565 -5.05822 -1.61925 7
566 -1.91453 3.46067 6
567 -3.97415 -3.70722 7
568 -3.37306 4.04429 7
569 0.1583 -3.86808 6
570 -2.64773 1.59065 6
571 -5.37209 0.25858 6
572 -1.99243 -5.50629 6
573 3.59425 -0.62186 7
574 -2.34227 4.40669 8
575 2.16446 -3.51702 7
576 -0.37815 -5.49888 7
577 5.09165 -1.50795 6
578 2.75344 0.5598 9
579 -3.48299 4.38299 7
580 -3.11515 -5.09451 8
581 -0.87083 4.34206 7
582 0.69651 5.62222 7
583 -1.13668 -4.56112 8
584 -1.93817 -1.92779 8
585 -2.52617 -1.61674 7
586 -2.13299 -3.38158 8
587 5.01341 1.54421 8
588 -3.19152 4.46404 7
589 -5.12757 1.61843 7
590 0.20593 3.59969 7
591 -0.981 -4.39458 8
592 1.42259 -1.80612 8
593 -0.48257 2.40566 7
594 -0.31087 -2.5987 8
595 3.25096 3.81914 9
596 2.25709 -3.72394 7
597 1.89486 2.24994 7
598 -3.70213 -2.29143 7
599 -1.79301 2.00422 6
600 0.70738 -1.89868 6
601 -5.78962 -2.9661
602 -5.78962 -1.9661
603 -5.78962 -0.9661
604 -5.78962 0.0339
605 -5.78962 1.0339
606 -5.78962 2.0339
607 -5.78962 3.0339
608 -4.78962 -3.9661
609 -4.78962 -2.9661
610 -4.78962 -1.9661
611 -4.78962 -0.9661
612 -4.78962 0.0339
613 -4.78962 1.0339
614 -4.78962 2.0339
615 -4.78962 3.0339
616 -4.78962 4.0339
617 -3.78962 -4.9661
618 -3.78962 -3.9661
619 -3.78962 -2.9661
620 -3.78962 -1.9661
621 -3.78962 -0.9661
622 -3.78962 0.0339
623 -3.78962 1.0339
624 -3.78962 2.0339
625 -3.78962 3.0339
626 -3.78962 4.0339
627 -3.78962 5.0339
628 -2.78962 -5.9661
629 -2.78962 -4.9661
630 -2.78962 -3.9661
631 -2.78962 -2.9661
632 -2.78962 -1.9661
633 -2.78962 -0.9661
634 -2.78962 0.0339
635 -2.78962 1.0339
636 -2.78962 2.0339
637 -2.78962 3.0339
638 -2.78962 4.0339
639 -2.78962 5.0339
640 -2.78962 6.0339
641 -1.78962 -5.9661
642 -1.78962 -4.9661
643 -1.78962 -3.9661
644 -1.78962 -2.9661
645 -1.78962 -1.9661
646 -1.78962 -0.9661
647 -1.78962 0.0339
648 -1.78962 1.0339
649 -1.78962 2.0339
650 -1.78962 3.0339
651 -1.78962 4.0339
652 -1.78962 5.0339
653 -1.78962 6.0339
654 -0.78962 -5.9661
655 -0.78962 -4.9661
656 -0.78962 -3.9661
657 -0.78962 -2.9661
658 -0.78962 -1.9661
659 -0.78962 -0.9661
660 -0.78962 0.0339
661 -0.78962 1.0339
662 -0.78962 2.0339
663 -0.78962 3.0339
664 -0.78962 4.0339
665 -0.78962 5.0339
666 -0.78962 6.0339
667 0.21038 -5.9661
668 0.21038 -4.9661
669 0.21038 -3.9661
670 0.21038 -2.9661
671 0.21038 -1.9661
672 0.21038 -0.9661
673 0.21038 1.0339
674 0.21038 2.0339
675 0.21038 3.0339
676 0.21038 4.0339
677 0.21038 5.0339
678 0.21038 6.0339
679 1.21038 -5.9661
680 1.21038 -4.9661
681 1.21038 -3.9661
682 1.21038 -2.9661
683 1.21038 -1.9661
684 1.21038 -0.9661
685 1.21038 0.0339
686 1.21038 1.0339
687 1.21038 2.0339
688 1.21038 3.0339
689 1.21038 4.0339
690 1.21038 5.0339
691 1.21038 6.0339
692 2.21038 -5.9661
693 2.21038 -4.9661
694 2.21038 -3.9661
695 2.21038 -2.9661
696 2.21038 -1.9661
697 2.21038 -0.9661
698 2.21038 0.0339
699 2.21038 1.0339
700 2.21038 2.0339
701 2.21038 3.0339
702 2.21038 4.0339
703 2.21038 5.0339
704 2.21038 6.0339
705 3.21038 -5.9661
706 3.21038 -4.9661
707 3.21038 -3.9661
708 3.21038 -2.9661
709 3.21038 -1.9661
710 3.21038 -0.9661
711 3.21038 0.0339
712 3.21038 1.0339
713 3.21038 2.0339
714 3.21038 3.0339
715 3.21038 4.0339
716 3.21038 5.0339
717 3.21038 6.0339
718 4.21038 -4.9661
719 4.21038 -3.9661
720 4.21038 -2.9661
721 4.21038 -1.9661
722 4.21038 -0.9661
723 4.21038 0.0339
724 4.21038 1.0339
725 4.21038 2.0339
726 4.21038 3.0339
727 4.21038 4.0339
728 5.21038 -3.9661
729 5.21038 -2.9661
730 5.21038 -1.9661
731 5.21038 -0.9661
732 5.21038 0.0339
733 5.21038 1.0339
734 5.21038 2.0339
735 5.21038 3.0339
736 5.21038 4.0339
737 6.21038 -1.9661
738 6.21038 -0.9661
739 6.21038 0.0339
740 6.21038 1.0339
741 6.21038 2.0339
742 0.0 0.0
743 0.0 0.0
744 1.0 0.0
745 0.0 0.0